array([[ 2.,  0.,  0., 20.,  0.,  0., 19.,  0.,  0.],
       [18.,  0.,  0., 17.,  0.,  0., 20.,  0.,  0.],
       [ 7.,  0.,  0., 10.,  0.,  0.,  3.,  0.,  0.],
       [ 0.,  2.,  0.,  0., 20.,  0.,  0., 19.,  0.],
       [ 0., 18.,  0.,  0., 17.,  0.,  0., 20.,  0.],
       [ 0.,  7.,  0.,  0., 10.,  0.,  0.,  3.,  0.],
       [ 0.,  0.,  2.,  0.,  0., 20.,  0.,  0., 19.],
       [ 0.,  0., 18.,  0.,  0., 17.,  0.,  0., 20.],
       [ 0.,  0.,  7.,  0.,  0., 10.,  0.,  0.,  3.]])
array([[ 6.,  1., 21.],
       [ 5., 14., 20.],
       [24., 23., 12.]])
"BALQTGFGYNFUHVLOIVCGPRZJUTHGWOVWCWAJGWN" --> "DRAHYJURAJPRIDDNESVECERZAMNOUMILUJEMTAA"
array([[15.,  0.,  0.,  3.,  0.,  0.,  7.,  0.,  0.],
       [22.,  0.,  0., 24.,  0.,  0., 23.,  0.,  0.],
       [22.,  0.,  0., 25.,  0.,  0.,  9.,  0.,  0.],
       [ 0., 15.,  0.,  0.,  3.,  0.,  0.,  7.,  0.],
       [ 0., 22.,  0.,  0., 24.,  0.,  0., 23.,  0.],
       [ 0., 22.,  0.,  0., 25.,  0.,  0.,  9.,  0.],
       [ 0.,  0., 15.,  0.,  0.,  3.,  0.,  0.,  7.],
       [ 0.,  0., 22.,  0.,  0., 24.,  0.,  0., 23.],
       [ 0.,  0., 22.,  0.,  0., 25.,  0.,  0.,  9.]])
array([[24., 18.,  5.],
       [ 4., 15.,  9.],
       [ 1.,  8., 17.]])
"PCPOVZOJYEJXJLVINLJMIAVAVEUKZLERO" --> "DRAHYJURAJUZZAMNONECHODMAMDRUHEHO"
array([[17.,  0.,  0., 12.,  0.,  0., 22.,  0.,  0.],
       [ 9.,  0.,  0., 12.,  0.,  0.,  1.,  0.,  0.],
       [20.,  0.,  0., 11.,  0.,  0.,  2.,  0.,  0.],
       [ 0., 17.,  0.,  0., 12.,  0.,  0., 22.,  0.],
       [ 0.,  9.,  0.,  0., 12.,  0.,  0.,  1.,  0.],
       [ 0., 20.,  0.,  0., 11.,  0.,  0.,  2.,  0.],
       [ 0.,  0., 17.,  0.,  0., 12.,  0.,  0., 22.],
       [ 0.,  0.,  9.,  0.,  0., 12.,  0.,  0.,  1.],
       [ 0.,  0., 20.,  0.,  0., 11.,  0.,  0.,  2.]])
array([[ 3.,  1., 21.],
       [15., 16., 14.],
       [ 4.,  4., 21.]])
"NMUSMRFJGRWSWVKKDJKYTYTNSVMOJW" --> "DRAHYJURAJBOLASOMHLUPAODPUSTMI"
